time,lat,lon,elevation,accuracy,speed
2014-11-06T08:02:13Z,50.093474,19.957208,173.429209,32.000000,0.000000
2014-11-06T08:02:19Z,50.093470,19.957184,161.028909,32.000000,0.000000
2014-11-06T08:02:26Z,50.093616,19.957259,165.928390,16.000000,3.135377
2014-11-06T08:02:32Z,50.093561,19.957044,173.877361,12.000000,0.000000
2014-11-06T08:02:38Z,50.093233,19.956573,197.192574,12.000000,2.501677
2014-11-06T08:02:39Z,50.093156,19.956532,208.772227,12.000000,2.773838
2014-11-06T08:02:44Z,50.092742,19.956258,241.832147,12.000000,4.414411
2014-11-06T08:02:47Z,50.092571,19.956202,251.327932,16.000000,4.751827
2014-11-06T08:02:54Z,50.092224,19.955973,258.983993,8.000000,5.119154
2014-11-06T08:03:01Z,50.092001,19.955815,258.562154,8.000000,4.107833
2014-11-06T08:03:07Z,50.091841,19.956198,259.910037,12.000000,5.056874
2014-11-06T08:03:08Z,50.091822,19.956298,260.660638,12.000000,7.734847
2014-11-06T08:03:15Z,50.091695,19.956992,259.393202,8.000000,7.454356
2014-11-06T08:03:16Z,50.091702,19.957118,259.227920,8.000000,8.117101
2014-11-06T08:03:19Z,50.091753,19.957445,259.948795,8.000000,7.170214
2014-11-06T08:03:22Z,50.091876,19.957729,260.156890,8.000000,7.162136
2014-11-06T08:03:23Z,50.091937,19.957813,260.037023,8.000000,7.815817
2014-11-06T08:03:26Z,50.092131,19.958073,260.735950,8.000000,7.053744
2014-11-06T08:03:29Z,50.092325,19.958351,260.945098,8.000000,7.798128
2014-11-06T08:03:31Z,50.092463,19.958562,261.020958,8.000000,8.127860
2014-11-06T08:03:35Z,50.092714,19.958945,260.552666,8.000000,8.459802
2014-11-06T08:03:37Z,50.092852,19.959142,261.107345,8.000000,7.699468
2014-11-06T08:03:40Z,50.093015,19.959374,260.023535,8.000000,7.899034
2014-11-06T08:03:41Z,50.093066,19.959450,259.476918,8.000000,7.034145
2014-11-06T08:03:44Z,50.093197,19.959673,257.807599,8.000000,6.742087
2014-11-06T08:03:46Z,50.093253,19.959777,257.025626,6.000000,4.829596
2014-11-06T08:03:50Z,50.093343,19.959938,256.987780,8.000000,3.334011
2014-11-06T08:03:52Z,50.093357,19.959960,256.997202,12.000000,0.000000
2014-11-06T08:03:53Z,50.093357,19.959960,256.985726,8.000000,0.000000
2014-11-06T08:03:55Z,50.093357,19.959960,256.959963,8.000000,0.000000
2014-11-06T08:03:58Z,50.093357,19.959960,257.019025,6.000000,0.000000
2014-11-06T08:04:07Z,50.093419,19.960087,257.193926,6.000000,1.340150
2014-11-06T08:04:13Z,50.093454,19.960165,257.288523,6.000000,1.060263
2014-11-06T08:04:16Z,50.093482,19.960211,257.340631,6.000000,1.123652
2014-11-06T08:04:19Z,50.093511,19.960253,257.434489,12.000000,1.091741
2014-11-06T08:04:22Z,50.093550,19.960308,257.553677,8.000000,1.590755
2014-11-06T08:04:25Z,50.093594,19.960389,257.600015,6.000000,2.003199
2014-11-06T08:04:28Z,50.093630,19.960448,257.627942,8.000000,1.986244
2014-11-06T08:04:31Z,50.093646,19.960469,257.906789,8.000000,0.000000
2014-11-06T08:04:32Z,50.093650,19.960475,258.030701,8.000000,1.652233
2014-11-06T08:04:35Z,50.093684,19.960531,258.377195,8.000000,1.693174
2014-11-06T08:04:37Z,50.093693,19.960549,258.468711,6.000000,0.000000
2014-11-06T08:04:38Z,50.093711,19.960581,258.535664,6.000000,1.273028
2014-11-06T08:04:41Z,50.093745,19.960641,258.715678,4.000000,1.225701
2014-11-06T08:04:43Z,50.093756,19.960663,258.843521,8.000000,0.000000
2014-11-06T08:04:45Z,50.093756,19.960663,258.899756,8.000000,0.000000
2014-11-06T08:04:46Z,50.093756,19.960663,258.904322,6.000000,0.000000
2014-11-06T08:04:49Z,50.093756,19.960663,259.082206,6.000000,0.000000
2014-11-06T08:04:52Z,50.093782,19.960848,259.399795,6.000000,1.558149
2014-11-06T08:04:54Z,50.093794,19.960923,259.549685,6.000000,1.568087
2014-11-06T08:04:57Z,50.093796,19.960989,259.777633,6.000000,1.845778
2014-11-06T08:05:00Z,50.093793,19.961008,259.786237,16.000000,0.000000
2014-11-06T08:05:03Z,50.093793,19.961008,259.721844,8.000000,0.000000
2014-11-06T08:05:05Z,50.093501,19.960902,257.235674,8.000000,6.441454
2014-11-06T08:05:06Z,50.093391,19.960848,256.976671,6.000000,7.299991
2014-11-06T08:05:09Z,50.093115,19.960731,256.606226,8.000000,8.794473
2014-11-06T08:05:12Z,50.092840,19.960653,255.153071,6.000000,10.547952
2014-11-06T08:05:16Z,50.092387,19.960530,254.123500,8.000000,13.806862
2014-11-06T08:05:19Z,50.091996,19.960426,253.386571,6.000000,14.592281
2014-11-06T08:05:22Z,50.091629,19.960298,253.279352,8.000000,13.790670
2014-11-06T08:05:25Z,50.091310,19.960049,254.689040,8.000000,12.149246
2014-11-06T08:05:28Z,50.091031,19.959760,255.106598,8.000000,12.131283
2014-11-06T08:05:30Z,50.090850,19.959572,254.997327,8.000000,11.753640
2014-11-06T08:05:31Z,50.090756,19.959480,254.992506,8.000000,9.489114
2014-11-06T08:05:33Z,50.090600,19.959329,255.279142,8.000000,8.567163
2014-11-06T08:05:39Z,50.090398,19.959123,255.867278,8.000000,1.188209
2014-11-06T08:05:43Z,50.090364,19.959074,256.008477,6.000000,0.000000
2014-11-06T08:05:46Z,50.090339,19.959044,256.194805,6.000000,0.288595
2014-11-06T08:05:52Z,50.090336,19.959041,256.236201,6.000000,0.000000
2014-11-06T08:05:59Z,50.090258,19.958961,256.261898,6.000000,2.113370
2014-11-06T08:06:05Z,50.090110,19.958814,255.618637,8.000000,5.261152
2014-11-06T08:06:12Z,50.089716,19.958360,255.811498,6.000000,7.722531
2014-11-06T08:06:18Z,50.089427,19.958066,258.036358,6.000000,4.519249
2014-11-06T08:06:19Z,50.089405,19.958047,258.073318,6.000000,3.041270
2014-11-06T08:06:22Z,50.089381,19.958026,258.207127,8.000000,0.000000
2014-11-06T08:06:31Z,50.089381,19.958026,258.280787,8.000000,0.000000
2014-11-06T08:06:34Z,50.089381,19.958026,258.305224,8.000000,0.000000
2014-11-06T08:06:37Z,50.089381,19.958026,258.337314,8.000000,0.000000
2014-11-06T08:06:40Z,50.089381,19.958026,258.370538,8.000000,0.000000
2014-11-06T08:06:43Z,50.089381,19.958026,258.404208,8.000000,0.000000
2014-11-06T08:06:47Z,50.089366,19.958013,258.485114,6.000000,1.730542
2014-11-06T08:06:50Z,50.089249,19.957894,258.577062,8.000000,5.465111
2014-11-06T08:06:53Z,50.089137,19.957779,258.848668,8.000000,5.183998
2014-11-06T08:06:55Z,50.089037,19.957699,259.316507,8.000000,6.165476
2014-11-06T08:07:04Z,50.088169,19.956788,258.987476,8.000000,13.939756
2014-11-06T08:07:07Z,50.087885,19.956491,258.382396,8.000000,11.821259
2014-11-06T08:07:10Z,50.087628,19.956220,257.540232,8.000000,11.390407
2014-11-06T08:07:13Z,50.087405,19.955982,257.012745,8.000000,9.675899
2014-11-06T08:07:16Z,50.087243,19.955796,257.812860,8.000000,5.463355
2014-11-06T08:07:19Z,50.087204,19.955750,257.831211,12.000000,0.811412
2014-11-06T08:07:22Z,50.087200,19.955744,257.765920,8.000000,0.000000
2014-11-06T08:07:26Z,50.087200,19.955744,257.744300,12.000000,0.000000
2014-11-06T08:07:29Z,50.087200,19.955744,257.715512,12.000000,0.000000
2014-11-06T08:07:32Z,50.087200,19.955744,257.682818,12.000000,0.000000
2014-11-06T08:07:35Z,50.087200,19.955744,257.647227,12.000000,0.000000
2014-11-06T08:07:38Z,50.087200,19.955744,257.607267,8.000000,0.000000
2014-11-06T08:07:41Z,50.087200,19.955744,257.343960,12.000000,0.000000
2014-11-06T08:07:43Z,50.087200,19.955744,257.303357,8.000000,0.000000
2014-11-06T08:07:45Z,50.087181,19.955728,257.073903,12.000000,1.345812
2014-11-06T08:07:52Z,50.087126,19.955663,256.942352,6.000000,0.000000
2014-11-06T08:07:55Z,50.087126,19.955663,256.968950,6.000000,0.000000
2014-11-06T08:07:58Z,50.087126,19.955663,257.016195,8.000000,0.000000
2014-11-06T08:08:01Z,50.087126,19.955663,257.080411,4.000000,0.000000
2014-11-06T08:08:04Z,50.087126,19.955663,257.129531,4.000000,0.000000
2014-11-06T08:08:07Z,50.087079,19.955607,258.221725,8.000000,4.401155
2014-11-06T08:08:10Z,50.086960,19.955454,259.335478,6.000000,6.151909
2014-11-06T08:08:13Z,50.086772,19.955250,259.024179,8.000000,8.242834
2014-11-06T08:08:16Z,50.086565,19.955014,258.267219,8.000000,10.072129
2014-11-06T08:08:19Z,50.086336,19.954771,257.622453,8.000000,9.370677
2014-11-06T08:08:22Z,50.086109,19.954539,256.678558,12.000000,8.576393
2014-11-06T08:08:25Z,50.085873,19.954353,257.594762,8.000000,9.887010
2014-11-06T08:08:28Z,50.085620,19.954155,257.803948,8.000000,9.246412
2014-11-06T08:08:31Z,50.085399,19.953993,258.357545,8.000000,8.752598
2014-11-06T08:08:33Z,50.085240,19.953878,258.989233,6.000000,9.290549
2014-11-06T08:08:35Z,50.085070,19.953765,260.216840,6.000000,10.364126
2014-11-06T08:08:36Z,50.084980,19.953702,260.701987,6.000000,10.818201
2014-11-06T08:08:39Z,50.084698,19.953496,260.682620,6.000000,11.596744
2014-11-06T08:08:42Z,50.084405,19.953278,259.990229,8.000000,11.546927
2014-11-06T08:08:45Z,50.084138,19.953070,260.825423,8.000000,10.123727
2014-11-06T08:08:48Z,50.083941,19.952919,260.876009,8.000000,6.183202
2014-11-06T08:08:52Z,50.083803,19.952804,261.571793,6.000000,1.754575
2014-11-06T08:08:55Z,50.083791,19.952795,261.555280,8.000000,0.000000
2014-11-06T08:08:58Z,50.083791,19.952795,261.518440,4.000000,0.000000
2014-11-06T08:09:01Z,50.083791,19.952795,261.477769,4.000000,0.000000
2014-11-06T08:09:04Z,50.083791,19.952795,261.438138,4.000000,0.000000
2014-11-06T08:09:07Z,50.083791,19.952795,261.403014,8.000000,0.000000
2014-11-06T08:09:10Z,50.083791,19.952795,261.373054,4.000000,0.000000
2014-11-06T08:09:13Z,50.083791,19.952795,261.346907,6.000000,0.000000
2014-11-06T08:09:16Z,50.083791,19.952795,261.329394,4.000000,0.000000
2014-11-06T08:09:17Z,50.083791,19.952795,261.325437,6.000000,0.000000
2014-11-06T08:09:20Z,50.083791,19.952795,261.319472,6.000000,0.000000
2014-11-06T08:09:22Z,50.083791,19.952795,261.312348,6.000000,0.000000
2014-11-06T08:09:23Z,50.083791,19.952795,261.308756,6.000000,0.000000
2014-11-06T08:09:29Z,50.083791,19.952795,261.291163,6.000000,0.000000
2014-11-06T08:09:30Z,50.083791,19.952795,261.289052,6.000000,0.000000
2014-11-06T08:09:32Z,50.083790,19.952792,261.276878,6.000000,0.429726
2014-11-06T08:09:35Z,50.083703,19.952722,261.244321,6.000000,5.124517
2014-11-06T08:09:36Z,50.083661,19.952689,261.318966,4.000000,5.299890
2014-11-06T08:09:39Z,50.083451,19.952525,261.301258,4.000000,9.943603
2014-11-06T08:09:42Z,50.083166,19.952310,260.272073,4.000000,11.671814
2014-11-06T08:09:45Z,50.082846,19.952088,259.762999,6.000000,12.878738
2014-11-06T08:09:48Z,50.082496,19.951857,259.245634,4.000000,14.458106
2014-11-06T08:09:54Z,50.081720,19.951360,260.827907,6.000000,16.075174
2014-11-06T08:10:01Z,50.080680,19.950665,265.146139,6.000000,17.129536
2014-11-06T08:10:04Z,50.080280,19.950383,264.876619,6.000000,15.607604
2014-11-06T08:10:06Z,50.080029,19.950204,264.838265,4.000000,15.240854
2014-11-06T08:10:07Z,50.079903,19.950113,264.814494,6.000000,15.335799
2014-11-06T08:10:09Z,50.079641,19.949923,264.799423,4.000000,16.585587
2014-11-06T08:10:11Z,50.079367,19.949726,265.389283,4.000000,16.737555
2014-11-06T08:10:12Z,50.079227,19.949625,265.579702,4.000000,17.046822
2014-11-06T08:10:15Z,50.078799,19.949311,265.938387,4.000000,17.476023
2014-11-06T08:10:19Z,50.078250,19.948936,264.998566,6.000000,16.187857
2014-11-06T08:10:22Z,50.077848,19.948650,263.965116,6.000000,16.436991
2014-11-06T08:10:26Z,50.077237,19.948200,262.229222,6.000000,20.232557
2014-11-06T08:10:29Z,50.076737,19.947813,261.317865,4.000000,20.949314
2014-11-06T08:10:32Z,50.076225,19.947403,261.517878,4.000000,21.051283
2014-11-06T08:10:35Z,50.075699,19.946995,261.289105,6.000000,21.673496
2014-11-06T08:10:38Z,50.075166,19.946649,260.784103,6.000000,21.793833
2014-11-06T08:10:41Z,50.074630,19.946336,260.718345,6.000000,21.245735
2014-11-06T08:10:45Z,50.074021,19.945754,262.097001,6.000000,19.649670
2014-11-06T08:10:47Z,50.073785,19.945389,262.675539,8.000000,18.420973
2014-11-06T08:10:50Z,50.073505,19.944781,262.463505,4.000000,17.490705
2014-11-06T08:10:54Z,50.073238,19.943841,261.308984,8.000000,19.085268
2014-11-06T08:10:56Z,50.073149,19.943112,261.152608,8.000000,17.218014
2014-11-06T08:10:58Z,50.073142,19.942644,260.667667,6.000000,16.610418
2014-11-06T08:11:00Z,50.073165,19.942196,259.655564,6.000000,15.905381
2014-11-06T08:11:03Z,50.073240,19.941540,258.627216,8.000000,15.914138
2014-11-06T08:11:06Z,50.073331,19.940919,258.319946,6.000000,14.976885
2014-11-06T08:11:10Z,50.073441,19.940162,259.238400,8.000000,13.368546
2014-11-06T08:11:13Z,50.073513,19.939647,259.084731,6.000000,12.689489
2014-11-06T08:11:15Z,50.073569,19.939296,259.224694,6.000000,13.019986
2014-11-06T08:11:16Z,50.073597,19.939117,259.513994,6.000000,13.135767
2014-11-06T08:11:20Z,50.073694,19.938448,260.866049,8.000000,11.464510
2014-11-06T08:11:24Z,50.073779,19.937824,260.937994,8.000000,11.705567
2014-11-06T08:11:25Z,50.073802,19.937661,261.105590,8.000000,11.829520
2014-11-06T08:11:27Z,50.073845,19.937317,261.220352,6.000000,12.142571
2014-11-06T08:11:31Z,50.073892,19.936678,260.558987,6.000000,10.633617
2014-11-06T08:11:34Z,50.073871,19.936262,259.831123,8.000000,9.744749
2014-11-06T08:11:37Z,50.073831,19.935880,259.081711,6.000000,9.165995
2014-11-06T08:11:40Z,50.073787,19.935462,259.040052,8.000000,11.059645
2014-11-06T08:11:43Z,50.073737,19.934993,259.389348,12.000000,10.642394
2014-11-06T08:11:46Z,50.073702,19.934676,260.112682,16.000000,7.112995
2014-11-06T08:11:48Z,50.073685,19.934490,260.550499,12.000000,5.962420
2014-11-06T08:11:49Z,50.073682,19.934431,260.570177,12.000000,3.898763
2014-11-06T08:11:52Z,50.073670,19.934285,260.604524,12.000000,3.191125
2014-11-06T08:11:59Z,50.073515,19.933492,260.030151,12.000000,9.922703
2014-11-06T08:12:01Z,50.073428,19.933108,259.206605,12.000000,11.396219
2014-11-06T08:12:02Z,50.073381,19.932915,259.067885,12.000000,13.014691
2014-11-06T08:12:09Z,50.072993,19.931808,258.739633,8.000000,12.989277
2014-11-06T08:12:12Z,50.072800,19.931383,259.544383,8.000000,13.212222
2014-11-06T08:12:15Z,50.072580,19.930969,259.357463,6.000000,12.649990
2014-11-06T08:12:24Z,50.071951,19.929786,261.411018,8.000000,12.771440
2014-11-06T08:12:27Z,50.071715,19.929363,260.162497,8.000000,10.355043
2014-11-06T08:12:30Z,50.071596,19.929143,258.051588,12.000000,3.761879
2014-11-06T08:12:36Z,50.071575,19.929108,258.028244,8.000000,0.763341
2014-11-06T08:12:38Z,50.071575,19.929108,258.039609,8.000000,0.000000
2014-11-06T08:12:45Z,50.071575,19.929108,258.126149,8.000000,0.000000
2014-11-06T08:12:52Z,50.071575,19.929108,258.151664,12.000000,0.000000
2014-11-06T08:12:53Z,50.071575,19.929108,258.145730,12.000000,0.000000
2014-11-06T08:13:00Z,50.071575,19.929108,258.078041,6.000000,0.000000
2014-11-06T08:13:12Z,50.071575,19.929108,257.966082,16.000000,0.000000
2014-11-06T08:13:19Z,50.071575,19.929108,257.809631,16.000000,0.000000
2014-11-06T08:13:25Z,50.071573,19.929110,257.818804,12.000000,0.000000
2014-11-06T08:13:32Z,50.071292,19.928604,257.633959,8.000000,13.496714
2014-11-06T08:13:36Z,50.070861,19.927860,256.502582,12.000000,14.992132
2014-11-06T08:13:43Z,50.070063,19.926878,255.185663,8.000000,14.182977
2014-11-06T08:13:50Z,50.069329,19.926378,253.481780,8.000000,11.423103
2014-11-06T08:13:56Z,50.068661,19.925852,249.598862,12.000000,15.797990
2014-11-06T08:14:02Z,50.067922,19.925360,248.425559,12.000000,14.124382
2014-11-06T08:14:06Z,50.067451,19.925071,249.080280,8.000000,13.663887
2014-11-06T08:14:09Z,50.067107,19.924862,250.555563,8.000000,13.335140
2014-11-06T08:14:10Z,50.066995,19.924800,250.258408,8.000000,13.038057
2014-11-06T08:14:13Z,50.066673,19.924634,249.020317,8.000000,12.518492
2014-11-06T08:14:16Z,50.066413,19.924506,248.955561,8.000000,7.565702
2014-11-06T08:14:17Z,50.066342,19.924473,249.177071,6.000000,7.574690
2014-11-06T08:14:21Z,50.066203,19.924419,249.666668,12.000000,0.643273
2014-11-06T08:14:25Z,50.066194,19.924417,250.041538,6.000000,0.283842
2014-11-06T08:14:32Z,50.066194,19.924417,250.127583,8.000000,0.000000
2014-11-06T08:14:35Z,50.066189,19.924413,250.102174,6.000000,0.508594
2014-11-06T08:14:38Z,50.066188,19.924411,250.099867,8.000000,0.000000
2014-11-06T08:14:40Z,50.066188,19.924411,250.101449,6.000000,0.000000
2014-11-06T08:14:48Z,50.066188,19.924411,250.073902,6.000000,0.000000
2014-11-06T08:14:51Z,50.066188,19.924411,250.080372,6.000000,0.000000
2014-11-06T08:14:54Z,50.066188,19.924411,250.109278,6.000000,0.000000
2014-11-06T08:14:57Z,50.066128,19.924372,250.256274,6.000000,2.451736
2014-11-06T08:15:03Z,50.066058,19.924268,250.492261,6.000000,0.721040
2014-11-06T08:15:06Z,50.066048,19.924230,250.498617,8.000000,1.063870
2014-11-06T08:15:09Z,50.066046,19.924194,250.700061,6.000000,0.474178
2014-11-06T08:15:12Z,50.066046,19.924194,250.710482,8.000000,0.000000
2014-11-06T08:15:16Z,50.066046,19.924194,250.693634,8.000000,0.000000
2014-11-06T08:15:19Z,50.066046,19.924194,250.678063,8.000000,0.000000
2014-11-06T08:15:22Z,50.066046,19.924194,250.653317,8.000000,0.000000
2014-11-06T08:15:25Z,50.066046,19.924194,250.583145,8.000000,0.000000
2014-11-06T08:15:28Z,50.066046,19.924194,250.494586,6.000000,0.000000
2014-11-06T08:15:29Z,50.066046,19.924194,250.466837,6.000000,0.000000
2014-11-06T08:15:31Z,50.066051,19.924179,249.974937,6.000000,0.955694
2014-11-06T08:15:34Z,50.066082,19.924074,249.537712,6.000000,3.261127
2014-11-06T08:15:40Z,50.066201,19.923549,249.602430,12.000000,5.600496
2014-11-06T08:15:43Z,50.066272,19.923300,250.622819,8.000000,5.323827
2014-11-06T08:15:50Z,50.066404,19.922806,251.417139,16.000000,3.936128
2014-11-06T08:15:53Z,50.066406,19.922767,251.482528,12.000000,0.000000
2014-11-06T08:15:56Z,50.066406,19.922767,251.481149,24.000000,0.000000
2014-11-06T08:15:59Z,50.066406,19.922767,251.481723,8.000000,0.000000
2014-11-06T08:16:02Z,50.066406,19.922767,251.489034,8.000000,0.000000
2014-11-06T08:16:05Z,50.066406,19.922766,251.507509,16.000000,0.000000
2014-11-06T08:16:08Z,50.066406,19.922766,251.532860,8.000000,0.000000
2014-11-06T08:16:11Z,50.066405,19.922766,251.549120,6.000000,0.000000
2014-11-06T08:16:17Z,50.066426,19.922622,251.337946,8.000000,4.291224
2014-11-06T08:16:19Z,50.066464,19.922478,251.210829,8.000000,5.815685
2014-11-06T08:16:20Z,50.066479,19.922391,251.061600,12.000000,6.186357
2014-11-06T08:16:22Z,50.066509,19.922215,249.793996,12.000000,6.575117
2014-11-06T08:16:26Z,50.066592,19.921897,248.113920,12.000000,5.320609
2014-11-06T08:16:29Z,50.066647,19.921714,248.050669,8.000000,4.007938
2014-11-06T08:16:32Z,50.066714,19.921517,250.089553,12.000000,4.760570
2014-11-06T08:16:34Z,50.066755,19.921376,251.566080,8.000000,4.882656
2014-11-06T08:16:35Z,50.066774,19.921309,252.399153,8.000000,4.707125
2014-11-06T08:16:45Z,50.066849,19.921069,253.265080,12.000000,1.943020
2014-11-06T08:16:47Z,50.066870,19.921010,253.186303,12.000000,2.316364
2014-11-06T08:17:05Z,50.067106,19.920048,252.391977,8.000000,7.559597
2014-11-06T08:17:07Z,50.067168,19.919853,253.143919,6.000000,7.185750
2014-11-06T08:17:09Z,50.067229,19.919656,254.459915,8.000000,7.620956
2014-11-06T08:17:13Z,50.067338,19.919291,254.512084,8.000000,6.705682
2014-11-06T08:17:16Z,50.067409,19.919072,253.515912,8.000000,5.116817
2014-11-06T08:17:19Z,50.067454,19.918914,252.439751,12.000000,3.815064
2014-11-06T08:17:23Z,50.067494,19.918768,252.427826,6.000000,0.911784
2014-11-06T08:17:28Z,50.067494,19.918768,252.422775,6.000000,0.000000
2014-11-06T08:17:29Z,50.067497,19.918753,252.442996,6.000000,1.088892
2014-11-06T08:17:33Z,50.067540,19.918554,252.441723,8.000000,4.163398
2014-11-06T08:17:35Z,50.067569,19.918422,251.731499,8.000000,5.469902
2014-11-06T08:17:36Z,50.067586,19.918340,251.577176,8.000000,5.996200
2014-11-06T08:17:38Z,50.067619,19.918145,251.830166,8.000000,6.887876
2014-11-06T08:17:44Z,50.067675,19.917482,250.697544,6.000000,8.021270
2014-11-06T08:17:54Z,50.067627,19.916416,249.613421,8.000000,7.504103
2014-11-06T08:17:57Z,50.067622,19.916105,249.089123,8.000000,6.676612
2014-11-06T08:17:58Z,50.067621,19.916014,248.662614,6.000000,6.130826
2014-11-06T08:18:03Z,50.067615,19.915749,248.082552,16.000000,1.218203
2014-11-06T08:18:13Z,50.067481,19.915554,248.039077,6.000000,0.990630
2014-11-06T08:18:16Z,50.067458,19.915543,248.094510,8.000000,0.000000
